[0 0 0 1 0 1 1 1 0 1 0 1]
[0 1 1 1 1 1 1 1 0 0 1 0]
[0 1 0 1 0 1 0 0 1 1 0 0]
[1 0 0 1 0 1 0 1 1 0 1 0]
[0 0 0 0 0 0 1 1 1 1 1 0]
[1 1 0 1 0 1 0 0 1 0 1 0]
[1 1 1 1 0 1 1 0 1 0 0 1]
[0 1 0 1 1 0 0 0 0 1 0 0]
[1 0 0 0 0 1 0 1 0 0 0 0]
[0 0 1 1 1 0 1 0 1 1 1 1]
[0 1 0 0 0 1 1 1 1 0 0 0]
[1 1 1 1 1 1 1 0 0 0 0 0]
[1 1 1 1 1 1 0 1 1 0 1 0]
[0 1 1 0 0 0 1 0 0 0 0 1]
[0 1 1 1 1 1 0 0 1 0 0 0]
[0 1 0 0 0 0 1 1 1 1 1 1]
[1 1 1 0 0 1 1 1 0 1 1 0]
[0 1 0 0 1 1 1 0 1 1 1 1]
[0 0 1 1 1 0 1 1 0 1 0 0]
[1 0 1 1 0 0 0 1 0 0 0 0]
-----Fim da Geraï¿½ï¿½o-----
[1 0 0 0 0 1 1 1 0 1 1 1]
[0 0 1 1 1 0 1 0 1 1 1 1]
[1 1 1 0 1 0 1 0 0 0 0 1]
[1 0 0 1 1 1 1 1 1 1 0 1]
[0 0 1 1 0 0 0 1 1 0 1 0]
[1 1 1 0 0 1 1 0 1 0 1 1]
[1 0 1 0 0 0 0 1 0 0 0 0]
[1 1 1 1 0 1 0 0 0 0 1 0]
[1 0 1 0 1 0 1 0 1 0 1 1]
[1 1 0 0 0 1 1 1 0 0 0 0]
[1 1 0 1 0 1 0 0 0 1 0 1]
[1 0 1 1 1 0 1 1 1 0 1 0]
[1 1 1 0 0 1 1 1 0 0 0 1]
[1 0 1 1 0 1 1 1 1 1 1 1]
[1 0 0 1 1 0 0 1 1 1 1 0]
[1 0 1 0 0 0 1 0 1 0 1 1]
[1 0 0 0 1 1 0 1 0 1 0 0]
[0 1 1 1 0 1 0 0 0 1 0 1]
[1 0 1 1 1 0 0 0 1 1 0 1]
[0 0 1 1 1 1 1 1 0 1 1 0]
-----Fim da Geração-----
[0 1 0 1 0 1 0 0 0 0 1 1]
[0 0 1 1 1 1 1 1 1 1 0 0]
[1 0 0 1 1 0 0 1 1 1 0 1]
[0 1 1 1 1 0 0 0 1 1 0 1]
[1 1 0 0 0 1 0 1 0 0 0 0]
[1 1 0 1 1 0 1 0 0 0 1 1]
[0 0 1 0 1 0 1 1 1 1 1 0]
[0 1 1 0 1 1 0 1 1 1 0 0]
[1 0 1 0 0 1 1 1 1 1 0 0]
[0 1 0 0 0 1 1 1 0 1 0 1]
[1 1 1 1 0 0 1 0 1 0 0 0]
[1 1 1 0 0 1 1 0 1 1 1 1]
[1 1 1 0 1 1 1 0 0 0 0 0]
[1 1 1 0 0 0 1 1 1 1 1 0]
[1 0 1 1 0 0 1 0 1 0 0 1]
[1 0 0 0 1 0 1 1 0 1 0 0]
[1 1 0 1 1 1 1 1 1 1 0 0]
[0 0 1 0 1 0 1 1 0 1 1 1]
[0 0 1 1 1 1 0 1 1 1 1 0]
[0 1 1 1 0 1 1 0 0 0 1 1]
-----Fim da Geração-----
[0 1 1 0 1 1 1 1 0 0 1 0]
[0 1 1 1 0 0 0 0 1 0 1 0]
[1 1 0 0 0 1 0 1 0 0 0 1]
[1 1 1 1 0 0 0 1 1 0 0 1]
[1 0 0 1 1 1 0 0 1 0 1 0]
[1 1 1 0 1 1 1 1 1 0 0 1]
[0 1 1 1 1 1 0 0 0 0 1 1]
[1 0 0 1 1 1 0 1 1 1 0 1]
[0 0 1 0 1 0 1 1 1 1 0 1]
[0 1 1 0 1 1 1 0 0 1 0 0]
[1 0 0 1 1 1 0 1 0 1 0 0]
[1 0 1 1 1 0 1 1 0 0 1 0]
[1 1 1 1 1 0 0 1 0 0 1 0]
[1 1 0 0 0 0 1 0 1 0 0 0]
[1 1 1 0 1 1 1 1 0 0 1 0]
[1 0 0 1 0 1 0 1 1 0 0 1]
[0 0 1 0 1 0 0 1 1 1 0 1]
[1 1 0 1 1 0 0 0 0 0 0 0]
[0 0 1 0 0 0 1 1 0 1 1 1]
[0 0 1 1 0 0 0 1 0 1 1 1]
-----Fim da Geração-----