
[ 16   1   0   0   1   1   0   0   0   0   0   0   0 787]
[ 16   1   0   0   1   1   0   0   0   0   0   0   0 787]
[ 16   1   0   0   1   1   0   0   0   0   0   0   0 787]
[ 16   1   0   0   1   1   0   0   0   0   0   0   0 787]
[ 16   1   0   0   1   1   0   0   0   0   0   0   0 787]
[ 16   1   0   0   1   1   0   0   0   0   0   0   0 787]
[ 16   1   0   0   1   1   0   0   0   0   0   0   0 787]
[ 17   1   1   1   1   1   1   0   1   1   0   0   1 400]
[ 17   1   1   1   1   1   1   0   1   1   0   0   1 400]
[ 17   1   1   1   1   1   1   0   1   1   0   0   1 400]
[ 17   1   1   1   1   1   1   0   1   1   0   0   1 400]
[ 17   1   1   1   1   1   1   0   1   1   0   0   1 400]
[ 17   1   1   1   1   1   1   0   1   1   0   0   1 400]
[ 17   1   1   1   1   1   1   0   1   1   0   0   1 400]
[  5   1   1   0   0   0   1   1   1   0   0   0   1 344]
[  5   1   1   0   0   0   1   1   1   0   0   0   1 344]
[  5   1   1   0   0   0   1   1   1   0   0   0   1 344]
[  5   1   1   0   0   0   1   1   1   0   0   0   1 344]
[  5   1   1   0   0   0   1   1   1   0   0   0   1 344]
[  5   1   1   0   0   0   1   1   1   0   0   0   1 344]
[  5   1   1   0   0   0   1   1   1   0   0   0   1 344]
[  2   1   0   0   1   1   1   0   1   1   0   0   0 307]
[  2   1   0   0   1   1   1   0   1   1   0   0   0 307]
[  2   1   0   0   1   1   1   0   1   1   0   0   0 307]
[  2   1   0   0   1   1   1   0   1   1   0   0   0 307]
[  2   1   0   0   1   1   1   0   1   1   0   0   0 307]
[  2   1   0   0   1   1   1   0   1   1   0   0   0 307]
[  2   1   0   0   1   1   1   0   1   1   0   0   0 307]
[  4   0   0   1   0   0   0   1   1   0   1   1   1 281]
[  4   0   0   1   0   0   0   1   1   0   1   1   1 281]
[  4   0   0   1   0   0   0   1   1   0   1   1   1 281]
[  4   0   0   1   0   0   0   1   1   0   1   1   1 281]
[  4   0   0   1   0   0   0   1   1   0   1   1   1 281]
[  4   0   0   1   0   0   0   1   1   0   1   1   1 281]
[  4   0   0   1   0   0   0   1   1   0   1   1   1 281]
[ 18   1   0   1   1   1   0   1   1   0   0   1   1 171]
[ 18   1   0   1   1   1   0   1   1   0   0   1   1 171]
[ 18   1   0   1   1   1   0   1   1   0   0   1   1 171]
[ 18   1   0   1   1   1   0   1   1   0   0   1   1 171]
[ 18   1   0   1   1   1   0   1   1   0   0   1   1 171]
[ 18   1   0   1   1   1   0   1   1   0   0   1   1 171]
[ 18   1   0   1   1   1   0   1   1   0   0   1   1 171]
[ 11   1   0   0   1   1   0   0   0   0   0   0   0 107]
[ 11   1   0   0   1   1   0   0   0   0   0   0   0 107]
[ 11   1   0   0   1   1   0   0   0   0   0   0   0 107]
[ 11   1   0   0   1   1   0   0   0   0   0   0   0 107]
[ 11   1   0   0   1   1   0   0   0   0   0   0   0 107]
[ 11   1   0   0   1   1   0   0   0   0   0   0   0 107]
[ 11   1   0   0   1   1   0   0   0   0   0   0   0 107]
-----Fim da Geração-----