
[ 16   1   0   0   1   1   0   0   0   0   0   0   0 787] ADS_drawCells (28, 28, [1,0,0,1,1,0,0,0], 0)
[ 16   1   0   0   1   1   0   0   0   0   0   0   0 787] ADS_drawCells (28, 28, [1,0,0,1,1,0,0,0], 0)
[ 16   1   0   0   1   1   0   0   0   0   0   0   0 787] ADS_drawCells (28, 28, [1,0,0,1,1,0,0,0], 0)
[ 16   1   0   0   1   1   0   0   0   0   0   0   0 787] ADS_drawCells (28, 28, [1,0,0,1,1,0,0,0], 0)
[ 16   1   0   0   1   1   0   0   0   0   0   0   0 787] ADS_drawCells (28, 28, [1,0,0,1,1,0,0,0], 0)
[ 16   1   0   0   1   1   0   0   0   0   0   0   0 787] ADS_drawCells (28, 28, [1,0,0,1,1,0,0,0], 0)
[ 16   1   0   0   1   1   0   0   0   0   0   0   0 787] ADS_drawCells (28, 28, [1,0,0,1,1,0,0,0], 0)
[ 17   1   1   1   1   1   1   0   1   1   0   0   1 400] ADS_drawCells (28, 28, [1,1,1,1,1,1,0,1], 9)
[ 17   1   1   1   1   1   1   0   1   1   0   0   1 400] ADS_drawCells (28, 28, [1,1,1,1,1,1,0,1], 9)
[ 17   1   1   1   1   1   1   0   1   1   0   0   1 400] ADS_drawCells (28, 28, [1,1,1,1,1,1,0,1], 9)
[ 17   1   1   1   1   1   1   0   1   1   0   0   1 400] ADS_drawCells (28, 28, [1,1,1,1,1,1,0,1], 9)
[ 17   1   1   1   1   1   1   0   1   1   0   0   1 400] ADS_drawCells (28, 28, [1,1,1,1,1,1,0,1], 9)
[ 17   1   1   1   1   1   1   0   1   1   0   0   1 400] ADS_drawCells (28, 28, [1,1,1,1,1,1,0,1], 9)
[ 17   1   1   1   1   1   1   0   1   1   0   0   1 400] ADS_drawCells (28, 28, [1,1,1,1,1,1,0,1], 9)
[  5   1   1   0   0   0   1   1   1   0   0   0   1 344] ADS_drawCells (28, 28, [1,1,0,0,0,1,1,1], 1)
[  5   1   1   0   0   0   1   1   1   0   0   0   1 344] ADS_drawCells (28, 28, [1,1,0,0,0,1,1,1], 1)
[  5   1   1   0   0   0   1   1   1   0   0   0   1 344] ADS_drawCells (28, 28, [1,1,0,0,0,1,1,1], 1)
[  5   1   1   0   0   0   1   1   1   0   0   0   1 344] ADS_drawCells (28, 28, [1,1,0,0,0,1,1,1], 1)
[  5   1   1   0   0   0   1   1   1   0   0   0   1 344] ADS_drawCells (28, 28, [1,1,0,0,0,1,1,1], 1)
[  5   1   1   0   0   0   1   1   1   0   0   0   1 344] ADS_drawCells (28, 28, [1,1,0,0,0,1,1,1], 1)
[  5   1   1   0   0   0   1   1   1   0   0   0   1 344] ADS_drawCells (28, 28, [1,1,0,0,0,1,1,1], 1)
[  2   1   0   0   1   1   1   0   1   1   0   0   0 307] ADS_drawCells (28, 28, [1,0,0,1,1,1,0,1], 8)
[  2   1   0   0   1   1   1   0   1   1   0   0   0 307] ADS_drawCells (28, 28, [1,0,0,1,1,1,0,1], 8)
[  2   1   0   0   1   1   1   0   1   1   0   0   0 307] ADS_drawCells (28, 28, [1,0,0,1,1,1,0,1], 8)
[  2   1   0   0   1   1   1   0   1   1   0   0   0 307] ADS_drawCells (28, 28, [1,0,0,1,1,1,0,1], 8)
[  2   1   0   0   1   1   1   0   1   1   0   0   0 307] ADS_drawCells (28, 28, [1,0,0,1,1,1,0,1], 8)
[  2   1   0   0   1   1   1   0   1   1   0   0   0 307] ADS_drawCells (28, 28, [1,0,0,1,1,1,0,1], 8)
[  2   1   0   0   1   1   1   0   1   1   0   0   0 307] ADS_drawCells (28, 28, [1,0,0,1,1,1,0,1], 8)
[  4   0   0   1   0   0   0   1   1   0   1   1   1 281] ADS_drawCells (28, 28, [0,0,1,0,0,0,1,1], 7)
[  4   0   0   1   0   0   0   1   1   0   1   1   1 281] ADS_drawCells (28, 28, [0,0,1,0,0,0,1,1], 7)
[  4   0   0   1   0   0   0   1   1   0   1   1   1 281] ADS_drawCells (28, 28, [0,0,1,0,0,0,1,1], 7)
[  4   0   0   1   0   0   0   1   1   0   1   1   1 281] ADS_drawCells (28, 28, [0,0,1,0,0,0,1,1], 7)
[  4   0   0   1   0   0   0   1   1   0   1   1   1 281] ADS_drawCells (28, 28, [0,0,1,0,0,0,1,1], 7)
[  4   0   0   1   0   0   0   1   1   0   1   1   1 281] ADS_drawCells (28, 28, [0,0,1,0,0,0,1,1], 7)
[  4   0   0   1   0   0   0   1   1   0   1   1   1 281] ADS_drawCells (28, 28, [0,0,1,0,0,0,1,1], 7)
[ 18   1   0   1   1   1   0   1   1   0   0   1   1 171] ADS_drawCells (28, 28, [1,0,1,1,1,0,1,1], 3)
[ 18   1   0   1   1   1   0   1   1   0   0   1   1 171] ADS_drawCells (28, 28, [1,0,1,1,1,0,1,1], 3)
[ 18   1   0   1   1   1   0   1   1   0   0   1   1 171] ADS_drawCells (28, 28, [1,0,1,1,1,0,1,1], 3)
[ 18   1   0   1   1   1   0   1   1   0   0   1   1 171] ADS_drawCells (28, 28, [1,0,1,1,1,0,1,1], 3)
[ 18   1   0   1   1   1   0   1   1   0   0   1   1 171] ADS_drawCells (28, 28, [1,0,1,1,1,0,1,1], 3)
[ 18   1   0   1   1   1   0   1   1   0   0   1   1 171] ADS_drawCells (28, 28, [1,0,1,1,1,0,1,1], 3)
[ 18   1   0   1   1   1   0   1   1   0   0   1   1 171] ADS_drawCells (28, 28, [1,0,1,1,1,0,1,1], 3)
[ 11   1   0   0   1   1   0   0   0   0   0   0   0 107] ADS_drawCells (28, 28, [1,0,0,1,1,0,0,0], 0)
[ 11   1   0   0   1   1   0   0   0   0   0   0   0 107] ADS_drawCells (28, 28, [1,0,0,1,1,0,0,0], 0)
[ 11   1   0   0   1   1   0   0   0   0   0   0   0 107] ADS_drawCells (28, 28, [1,0,0,1,1,0,0,0], 0)
[ 11   1   0   0   1   1   0   0   0   0   0   0   0 107] ADS_drawCells (28, 28, [1,0,0,1,1,0,0,0], 0)
[ 11   1   0   0   1   1   0   0   0   0   0   0   0 107] ADS_drawCells (28, 28, [1,0,0,1,1,0,0,0], 0)
[ 11   1   0   0   1   1   0   0   0   0   0   0   0 107] ADS_drawCells (28, 28, [1,0,0,1,1,0,0,0], 0)
[ 11   1   0   0   1   1   0   0   0   0   0   0   0 107] ADS_drawCells (28, 28, [1,0,0,1,1,0,0,0], 0)
-----Fim da Geração-----